roate: 0.19124328789756298
arose: 0.18976965325026643
ariel: 0.18661829907295446
artel: 0.18589898016542197
soare: 0.18415400525017897
irate: 0.18081699601655862
raise: 0.18008556981719176
raile: 0.17702837042135047
orate: 0.1770012997935622
arise: 0.17430916346660644